;;;;;;;;;;;;;;;;;;;;;;;;;;;;;;;;;;;;;;;;;;;;;;;;;;
;;;;;;;;;;;;;;;;;;;;;;;;;;;;;;;;;;;;;;;;;;;;;;;;;;
;;;;;;;;;;;;;;;;;;;;;;;;;;3;;;;;;;;;;;;;;;;;;;;;;;
;;;;;;;;;;;;;;;;;;;;;;;;;;;;33;;;;;;;;;;;;;;;;;;;;
;;;;;;;;;;;;;;;;;;;;;;;;;;;;;333;;;;;;;;;;;;;;;;;;
;;;;;;;;;;;;;;;;;;;;;;;;;;;;;;333;;;;;;;;;;;;;;;;;
;;;;;;;;;;;;;;;;;;;;;;;;;;;;;;;3333;;;;;;;;;;;;;;;
;;;;;;;;;;;;;;;;;;;;;;;;;;;;;;;;33333;;;;;;;;;;;;;
;;;;;;;;;;;;;;;33333333333;;;;;;;33333;;;;;;;;;;;;
;;;;;;;;;;;;;;33333333333;;;;;;;;;33333;;;;;;;;;;;
;;;;;;;;;;;;333333333333;;;;;;;;;;;33333;;;;;;;;;;
;;;;;;;;;;;333333333332;;;;;;;;;;;;;33333c;;;;;;;;
;;;;;;;;;;33333333333;;;;;;;;;;;;;;;;33333;;;;;;;;
;;;;;;;;;33333333333;;;;;;;;;;;;;;;;;;33333;;;;;;;
;;;;;;;;3333333333333;;;;;;;;;;;;;;;;;333333;;;;;;
;;;;;;3333333333333333;;;;;;;;;;;;;;;;;33333?;;;;;
;;;;;3333333333333333333;;;;;;;;;;;;;;;333333;;;;;
;;;;;;333333333;;33333333;;;;;;;;;;;;;;;33333;;;;;
;;;;;;;3333333;;;;33333333;;;;;;;;;;;;;;333333;;;;
;;;;;;;;;3333;;;;;;33333333;;;;;;;;;;;;;333333;;;;
;;;;;;;;;;33;;;;;;;;33333333;;;;;;;;;;;;333333;;;;
;;;;;;;;;;;;;;;;;;;;;333333333;;;;;;;;;;333333;;;;
;;;;;;;;;;;;;;;;;;;;;;033333333;;;;;;;;;333333;;;;
;;;;;;;;;;;;;;;;;;;;;;;;33333333;;;;;;;;333333;;;;
;;;;;;;;;;;;;;;;;;;;;;;;;33333333;;;;;;3333333;;;;
;;;;;;;;;;;;;;;;;;;;;;;;;;33333333;;;;;333333;;;;;
;;;;;;;;;;;;;;;;;;;;;;;;;;;33333333c;;3333333;;;;;
;;;;;;;;;;;;;;;;;;;;;;;;;;;;3333333333333333;;;;;;
;;;;;;;;;;;;;;3333;;;;;;;;;;;;33333333333333;;;;;;
;;;;;;;;;;;33333333;;;;;;;;;;;;333333333333;;;;;;;
;;;;;;;;;;33333333333;;;;;;;;;;;3333333333;;;;;;;;
;;;;;;;;;33333333333333333333333333333333;;;;;;;;;
;;;;;;;33333333;333333333333333333333333333;;;;;;;
;;;;;;33333333;;;;33333333333333333333333333;;;;;;
;;;;33333333;;;;;;;;3333333333333333333333333;;;;;
;;;333333333;;;;;;;;;;333333333333;;;;33333333;;;;
;;333333333;;;;;;;;;;;;;;;;;;;;;;;;;;;;33333333;;;
;;33333333;;;;;;;;;;;;;;;;;;;;;;;;;;;;;;33333333;;
;;3333333;;;;;;;;;;;;;;;;;;;;;;;;;;;;;;;;;333333;;
;;33333;;;;;;;;;;;;;;;;;;;;;;;;;;;;;;;;;;;;33333;;
;;;;3b;;;;;;;;;;;;;;;;;;;;;;;;;;;;;;;;;;;;;;33;;;;
;;;;;;;;;;;;;;;;;;;;;;;;;;;;;;;;;;;;;;;;;;;;;;;;;;
